1 0 0 0 0 0 0 0 0 0 0 0 0 0 0 0 0 0 0 0 by rank 0
0 1 0 0 0 0 0 0 0 0 0 0 0 0 0 0 0 0 0 0 by rank 0
0 0 1 0 0 0 0 0 0 0 0 0 0 0 0 0 0 0 0 0 by rank 1
0 0 0 1 0 0 0 0 0 0 0 0 0 0 0 0 0 0 0 0 by rank 1
0 0 0 0 1 0 0 0 0 0 0 0 0 0 0 0 0 0 0 0 by rank 2
0 0 0 0 0 1 0 0 0 0 0 0 0 0 0 0 0 0 0 0 by rank 2
0 0 0 0 0 0 1 0 0 0 0 0 0 0 0 0 0 0 0 0 by rank 3
0 0 0 0 0 0 0 1 0 0 0 0 0 0 0 0 0 0 0 0 by rank 3
0 0 0 0 0 0 0 0 1 0 0 0 0 0 0 0 0 0 0 0 by rank 4
0 0 0 0 0 0 0 0 0 1 0 0 0 0 0 0 0 0 0 0 by rank 4
0 0 0 0 0 0 0 0 0 0 1 0 0 0 0 0 0 0 0 0 by rank 5
0 0 0 0 0 0 0 0 0 0 0 1 0 0 0 0 0 0 0 0 by rank 5
0 0 0 0 0 0 0 0 0 0 0 0 1 0 0 0 0 0 0 0 by rank 6
0 0 0 0 0 0 0 0 0 0 0 0 0 1 0 0 0 0 0 0 by rank 6
0 0 0 0 0 0 0 0 0 0 0 0 0 0 1 0 0 0 0 0 by rank 7
0 0 0 0 0 0 0 0 0 0 0 0 0 0 0 1 0 0 0 0 by rank 7
0 0 0 0 0 0 0 0 0 0 0 0 0 0 0 0 1 0 0 0 by rank 8
0 0 0 0 0 0 0 0 0 0 0 0 0 0 0 0 0 1 0 0 by rank 8
0 0 0 0 0 0 0 0 0 0 0 0 0 0 0 0 0 0 1 0 by rank 9
0 0 0 0 0 0 0 0 0 0 0 0 0 0 0 0 0 0 0 1 by rank 10
